No NAME  	GMS  	PTS  	REB   	AST  	TO  	A/T  	STL  	BLK  	PF  	FG  	FT  	3P
1. NorthCarolina	6	84.2	41.5	17.8	12.8	1.39	6.7	3.8	16.7	.514	.664	.417
2. Illinois	6	74.5	34.0	19.0	10.2	1.87	8.0	1.7	16.5	.457	.753	.361
3. Louisville	5	77.4	35.4	13.6	11.0	1.24	5.4	4.2	16.6	.479	.702	.376
4. MichiganState	5	80.8	37.8	13.0	12.6	1.03	8.4	2.4	19.8	.445	.783	.329
5. Arizona	4	79.8	35.0	15.8	14.5	1.09	6.0	6.5	13.3	.542	.759	.397
6. Kentucky	4	72.8	32.3	12.8	13.5	0.94	7.3	3.5	19.5	.510	.663	.400
7. Wisconsin	4	68.8	31.0	13.0	11.3	1.16	3.8	0.8	14.0	.467	.753	.429
8. WestVirginia	4	81.0	28.5	19.0	14.8	1.29	6.8	3.5	18.8	.509	.762	.467
9. Duke	3	62.7	36.0	8.3	15.3	0.54	8.0	4.7	19.7	.407	.716	.328
10. NorthCarolinaState	3	65.3	26.7	13.0	14.0	0.93	11.3	5.7	17.7	.409	.827	.377
11. OklahomaState	3	75.3	29.0	16.0	13.0	1.23	8.0	0.3	17.7	.483	.827	.476
12. Villanova	3	65.7	41.3	8.7	14.3	0.60	9.3	4.3	19.7	.360	.692	.279
13. Utah	3	59.7	34.7	13.3	16.7	0.80	4.7	2.0	17.3	.472	.579	.357
14. Washington	3	88.0	33.3	17.0	11.3	1.50	6.7	1.3	19.7	.508	.696	.358
15. Wisconsin-Milwaukee	3	76.3	27.7	16.3	11.7	1.40	7.0	3.0	18.7	.457	.750	.405
16. TexasTech	3	69.7	32.7	16.3	12.3	1.32	8.3	1.3	14.3	.509	.646	.308
17. UAB	2	72.5	33.5	15.0	14.5	1.03	8.5	2.0	22.5	.390	.667	.283
18. Connecticut	2	69.5	37.0	13.0	13.5	0.96	5.0	5.0	14.5	.464	.744	.250
19. Florida	2	66.0	33.0	12.0	17.5	0.69	8.5	6.0	25.5	.387	.818	.341
20. GeorgiaTech	2	67.0	32.0	11.0	12.0	0.92	8.5	1.5	21.5	.440	.781	.406
21. IowaState	2	64.5	43.0	15.5	15.0	1.03	10.0	5.0	20.0	.391	.528	.286
22. SouthernIllinois	2	71.0	30.5	13.0	10.5	1.24	8.0	1.0	25.0	.410	.818	.323
23. BostonCollege	2	80.0	38.5	20.0	20.5	0.98	7.0	4.0	18.0	.520	.700	.522
24. WakeForest	2	87.5	41.5	19.5	16.5	1.18	8.5	2.5	20.0	.465	.667	.333
25. Oklahoma	2	71.0	40.5	9.5	10.5	0.90	8.5	3.0	19.0	.393	.794	.156
26. Vermont	2	60.5	35.5	9.5	12.5	0.76	7.0	0.0	15.5	.341	.760	.326
27. Pacific	2	79.0	33.0	14.0	10.0	1.40	3.0	1.0	18.0	.459	.700	.409
28. MississippiState	2	74.0	39.0	11.0	9.5	1.16	5.0	5.5	19.0	.437	.660	.433
29. Bucknell	2	63.0	29.5	15.0	9.5	1.58	7.0	1.5	22.5	.429	.767	.283
30. Cincinnati	2	68.0	36.5	14.0	9.0	1.56	4.5	6.0	19.0	.398	.634	.364
31. Gonzaga	2	71.5	42.0	13.5	11.5	1.17	3.5	3.0	15.5	.463	.600	.241
32. Nevada	2	60.0	40.5	10.5	11.0	0.95	7.0	4.0	15.5	.371	.651	.261
33. Oakland	2	73.5	32.5	13.0	13.5	0.96	5.5	1.0	15.0	.470	.684	.433
34. Stanford	1	70.0	30.0	9.0	5.0	1.80	6.0	3.0	19.0	.381	.720	.222
35. UCLA	1	66.0	27.0	16.0	13.0	1.23	5.0	2.0	15.0	.433	.533	.300
36. GeorgeWashington	1	68.0	34.0	19.0	14.0	1.36	9.0	4.0	20.0	.446	.250	.375
37. LSU	1	68.0	42.0	10.0	21.0	0.48	6.0	5.0	26.0	.359	.727	.194
38. Minnesota	1	53.0	41.0	8.0	17.0	0.47	9.0	1.0	18.0	.333	.600	.217
39. Montana	1	77.0	33.0	15.0	18.0	0.83	5.0	0.0	16.0	.508	.250	.450
40. Creighton	1	61.0	27.0	12.0	17.0	0.71	8.0	3.0	16.0	.420	.846	.400
41. FairleighDickinson	1	55.0	42.0	11.0	17.0	0.65	6.0	3.0	19.0	.404	.455	.250
42. NewMexico	1	47.0	35.0	6.0	17.0	0.35	9.0	4.0	20.0	.298	.750	.160
43. Syracuse	1	57.0	37.0	8.0	24.0	0.33	9.0	3.0	12.0	.418	.889	.250
44. Ohio	1	62.0	33.0	8.0	20.0	0.40	8.0	5.0	21.0	.391	.654	.500
45. Pennsylvania	1	65.0	34.0	17.0	17.0	1.00	11.0	2.0	19.0	.352	.500	.333
46. Pittsburgh	1	71.0	30.0	10.0	10.0	1.00	7.0	3.0	20.0	.424	.722	.348
47. Chattanooga	1	54.0	35.0	12.0	22.0	0.55	5.0	1.0	19.0	.404	.667	.300
48. Texas	1	57.0	40.0	2.0	5.0	0.40	5.0	6.0	16.0	.353	.667	.500
49. OldDominion	1	81.0	30.0	13.0	15.0	0.87	9.0	1.0	29.0	.426	.846	.350
50. Louisiana-Lafayette	1	62.0	37.0	14.0	18.0	0.78	7.0	0.0	21.0	.453	.556	.333
51. Niagara	1	67.0	37.0	12.0	16.0	0.75	8.0	2.0	16.0	.353	.867	.214
52. UtahState	1	53.0	32.0	15.0	12.0	1.25	6.0	3.0	16.0	.364	.600	.368
53. Alabama	1	73.0	34.0	17.0	19.0	0.89	3.0	3.0	20.0	.520	.750	.391
54. UCF	1	71.0	29.0	16.0	10.0	1.60	10.0	6.0	21.0	.344	.857	.393
55. DelawareState	1	46.0	30.0	10.0	11.0	0.91	3.0	1.0	23.0	.365	.500	.333
56. EasternKentucky	1	64.0	35.0	14.0	17.0	0.82	5.0	1.0	20.0	.441	.545	.333
57. Iowa	1	64.0	43.0	5.0	11.0	0.45	6.0	1.0	20.0	.339	.760	.294
58. Kansas	1	63.0	34.0	14.0	13.0	1.08	5.0	3.0	15.0	.435	.815	.091
59. Charlotte	1	63.0	36.0	11.0	20.0	0.55	8.0	2.0	18.0	.397	.643	.381
60. NorthernIowa	1	52.0	35.0	8.0	8.0	1.00	4.0	2.0	15.0	.415	.500	.235
61. SoutheasternLouisiana	1	50.0	19.0	10.0	17.0	0.59	12.0	2.0	22.0	.444	.700	.300
62. SaintMary's	1	56.0	42.0	3.0	20.0	0.15	2.0	2.0	17.0	.333	.818	.200
63. UTEP	1	54.0	22.0	13.0	10.0	1.30	6.0	1.0	20.0	.415	.889	.222
64. Winthrop	1	64.0	36.0	16.0	13.0	1.23	4.0	0.0	19.0	.367	.833	.385